# Created by Octave 4.4.1, Sat Nov 03 01:26:45 2018 GMT <unknown@DESKTOP-98UUMHO>
# name: ONOFF
# type: matrix
# rows: 56
# columns: 3
 801 1 1
 801 2 0
 802 1 0
 802 2 1
 803 1 0
 803 2 1
 804 1 1
 804 2 0
 805 1 1
 805 2 0
 806 1 0
 806 2 1
 807 1 0
 807 2 1
 808 1 0
 808 2 1
 809 1 1
 809 2 0
 810 1 1
 810 2 0
 811 1 1
 811 2 0
 813 1 0
 813 2 1
 814 1 1
 814 2 0
 815 1 1
 815 2 0
 816 1 0
 816 2 1
 817 1 0
 817 2 1
 818 1 1
 818 2 0
 819 1 0
 819 2 1
 820 1 1
 820 2 0
 821 1 1
 821 2 0
 822 1 1
 822 2 0
 823 1 0
 823 2 1
 824 1 0
 824 2 1
 825 1 1
 825 2 0
 826 1 1
 826 2 0
 827 1 0
 827 2 1
 828 1 0
 828 2 1
 829 1 0
 829 2 1


